3244 
19788 
21484 
16696 
8128 
16136 
18900 
7128 
17260 
16612 
8296 
17020 
18880 
17252 
18048 
19304 
1188 
3104 
19984 
5160 
9408 
3104 
19984 
5160 
21228 
13952 
15280 
12240 
1448 
14860 
20400 
24088 
3420 
8596 
16036 
18876 
11052 
7712 
22440 
12648 
16088 
348 
8956 
8348 
16456 
3804 
14716 
12948 
16208 
21684 
18308 
13796 
5024 
12456 
1252 
1384 
20188 
17220 
9588 
19632 
17220 
2744 
23272 
17220 
22592 
15868 
17220 
16716 
21928 
17220 
15708 
6732 
17220 
22588 
9084 
17220 
20572 
18364 
17220 
12812 
19848 
17220 
16900 
7224 
17452 
19720 
23096 
17452 
